"","answer1","answer2","answer3","answer4","answer5","answer6","answer7"
"answer1",1,0.228552394661295,0.163217902397601,0.287186173139102,0.285611398570355,0.177384858635453,0.316523823561265
"answer2",0.228552394661295,0.999999999999999,0.620055756612296,0.218161979937807,0.148029817235838,0.117010696319632,0.465388057616707
"answer3",0.163217902397601,0.620055756612296,0.999999999999998,0.307429714852088,0.107461020443519,0.0705970265537237,0.515298341467803
"answer4",0.287186173139102,0.218161979937807,0.307429714852088,1,0.0954212598264533,0.383730155150771,0.285504739018902
"answer5",0.285611398570355,0.148029817235838,0.107461020443519,0.0954212598264533,1,0.112561773653884,0.20108394883772
"answer6",0.177384858635453,0.117010696319632,0.0705970265537237,0.383730155150771,0.112561773653884,1,0.100242904899096
"answer7",0.316523823561265,0.465388057616707,0.515298341467803,0.285504739018902,0.20108394883772,0.100242904899096,1
